config0_f
   1 f  =    7.584043 THz    47.651945 2PiTHz  252.976423 cm-1    31.365090 meV
   2 f  =    7.420829 THz    46.626442 2PiTHz  247.532193 cm-1    30.690092 meV
   3 f  =    5.419349 THz    34.050773 2PiTHz  180.770012 cm-1    22.412633 meV
-0.102610 0.084354 0.991139
0.704629 0.709465 0.012568
-0.702118 0.699674 -0.132237
config0_b
   1 f  =    7.442196 THz    46.760695 2PiTHz  248.244923 cm-1    30.778459 meV
   2 f  =    7.081108 THz    44.491911 2PiTHz  236.200315 cm-1    29.285117 meV
   3 f  =    5.476538 THz    34.410100 2PiTHz  182.677625 cm-1    22.649147 meV
0.705581 0.708399 0.018028
-0.065774 0.040138 0.997027
0.705570 -0.704670 0.074915
config1_f
   1 f  =    6.996007 THz    43.957207 2PiTHz  233.361662 cm-1    28.933169 meV
   2 f  =    6.714746 THz    42.189990 2PiTHz  223.979795 cm-1    27.769965 meV
   3 f  =    5.316425 THz    33.404086 2PiTHz  177.336857 cm-1    21.986976 meV
-0.217000 0.171708 0.960951
-0.116763 0.972775 -0.200188
-0.969163 -0.155644 -0.191043
config1_b
   1 f  =    6.849870 THz    43.039005 2PiTHz  228.487077 cm-1    28.328797 meV
   2 f  =    6.634364 THz    41.684938 2PiTHz  221.298551 cm-1    27.437533 meV
   3 f  =    5.092241 THz    31.995492 2PiTHz  169.858861 cm-1    21.059822 meV
0.900849 -0.415226 -0.126726
-0.417918 -0.908466 0.005823
0.117544 -0.047715 0.991921
config2_f
   1 f  =    7.184649 THz    45.142479 2PiTHz  239.654074 cm-1    29.713329 meV
   2 f  =    6.511423 THz    40.912479 2PiTHz  217.197695 cm-1    26.929092 meV
   3 f  =    5.742686 THz    36.082358 2PiTHz  191.555366 cm-1    23.749847 meV
-0.175514 0.354592 0.918400
0.059955 0.935000 -0.349543
0.982650 0.006287 0.185365
config2_b
   1 f  =    6.728563 THz    42.276808 2PiTHz  224.440697 cm-1    27.827110 meV
   2 f  =    6.647785 THz    41.769264 2PiTHz  221.746226 cm-1    27.493038 meV
   3 f  =    5.141487 THz    32.304915 2PiTHz  171.501539 cm-1    21.263488 meV
-0.776425 -0.616165 0.132305
-0.591731 0.785006 0.183355
0.216838 -0.064072 0.974103
config3_f
   1 f  =    6.924569 THz    43.508351 2PiTHz  230.978759 cm-1    28.637727 meV
   2 f  =    6.565356 THz    41.251350 2PiTHz  218.996705 cm-1    27.152141 meV
   3 f  =    5.845048 THz    36.725521 2PiTHz  194.969815 cm-1    24.173185 meV
-0.998870 -0.044158 0.017589
0.043572 -0.702757 0.710094
-0.018995 0.710058 0.703887
config3_b
   1 f  =    6.804797 THz    42.755799 2PiTHz  226.983579 cm-1    28.142387 meV
   2 f  =    6.200897 THz    38.961386 2PiTHz  206.839657 cm-1    25.644858 meV
   3 f  =    5.443611 THz    34.203217 2PiTHz  181.579315 cm-1    22.512974 meV
-0.906101 0.416701 -0.073088
-0.339866 -0.614090 0.712309
-0.251937 -0.670264 -0.698050
config4_f
   1 f  =    6.969816 THz    43.792648 2PiTHz  232.488041 cm-1    28.824854 meV
   2 f  =    6.381431 THz    40.095715 2PiTHz  212.861627 cm-1    26.391488 meV
   3 f  =    5.578251 THz    35.049182 2PiTHz  186.070405 cm-1    23.069798 meV
0.499619 -0.209241 0.840594
0.213525 -0.910699 -0.353603
0.839516 0.356155 -0.410325
config4_b
   1 f  =    6.727180 THz    42.268122 2PiTHz  224.394580 cm-1    27.821392 meV
   2 f  =    6.156664 THz    38.683459 2PiTHz  205.364192 cm-1    25.461924 meV
   3 f  =    5.428251 THz    34.106708 2PiTHz  181.066964 cm-1    22.449450 meV
-0.562796 0.820148 -0.103044
0.694651 0.536837 0.478817
-0.448018 -0.197897 0.871847
config5_f
   1 f  =    7.384386 THz    46.397467 2PiTHz  246.316602 cm-1    30.539377 meV
   2 f  =    6.305293 THz    39.617324 2PiTHz  210.321927 cm-1    26.076605 meV
   3 f  =    5.592991 THz    35.141796 2PiTHz  186.562080 cm-1    23.130758 meV
0.583638 -0.353935 -0.730820
0.780461 0.492956 0.384544
0.224159 -0.794811 0.563940
config5_b
   1 f  =    6.831955 THz    42.926441 2PiTHz  227.889489 cm-1    28.254706 meV
   2 f  =    6.297311 THz    39.567171 2PiTHz  210.055672 cm-1    26.043594 meV
   3 f  =    5.660532 THz    35.566174 2PiTHz  188.815033 cm-1    23.410089 meV
-0.741688 0.558499 0.371453
0.670230 0.638793 0.377805
0.026278 -0.529172 0.848108
config6_f
   1 f  =    7.582957 THz    47.645121 2PiTHz  252.940197 cm-1    31.360599 meV
   2 f  =    7.310200 THz    45.931342 2PiTHz  243.842019 cm-1    30.232568 meV
   3 f  =    5.329827 THz    33.488288 2PiTHz  177.783873 cm-1    22.042399 meV
0.656980 -0.681178 0.323069
0.298225 -0.158762 -0.941200
-0.692416 -0.714696 -0.098841
config6_b
   1 f  =    7.709190 THz    48.438268 2PiTHz  257.150882 cm-1    31.882657 meV
   2 f  =    6.962987 THz    43.749736 2PiTHz  232.260231 cm-1    28.796609 meV
   3 f  =    5.385004 THz    33.834977 2PiTHz  179.624386 cm-1    22.270594 meV
-0.688620 0.691624 -0.217848
0.135588 -0.172316 -0.975665
0.712333 0.701401 -0.024884
config7_f
   1 f  =    7.290955 THz    45.810423 2PiTHz  243.200082 cm-1    30.152978 meV
   2 f  =    6.499880 THz    40.839948 2PiTHz  216.812640 cm-1    26.881351 meV
   3 f  =    5.384181 THz    33.829808 2PiTHz  179.596946 cm-1    22.267191 meV
-0.203066 0.026330 0.978811
0.032947 0.999256 -0.020045
-0.978611 0.028179 -0.203782
config7_b
   1 f  =    6.751599 THz    42.421548 2PiTHz  225.209095 cm-1    27.922379 meV
   2 f  =    6.599573 THz    41.466342 2PiTHz  220.138065 cm-1    27.293651 meV
   3 f  =    4.991050 THz    31.359694 2PiTHz  166.483512 cm-1    20.641332 meV
-0.783387 0.619963 0.044180
0.609740 0.780358 -0.138777
0.120513 0.081778 0.989338
config8_f
   1 f  =    7.524847 THz    47.280010 2PiTHz  251.001879 cm-1    31.120278 meV
   2 f  =    7.421186 THz    46.628685 2PiTHz  247.544104 cm-1    30.691568 meV
   3 f  =    5.424560 THz    34.083513 2PiTHz  180.943824 cm-1    22.434183 meV
-0.045611 0.093917 -0.994535
0.708402 0.704986 0.034086
0.704334 -0.702975 -0.098686
config8_b
   1 f  =    7.513812 THz    47.210671 2PiTHz  250.633770 cm-1    31.074638 meV
   2 f  =    7.069601 THz    44.419613 2PiTHz  235.816498 cm-1    29.237530 meV
   3 f  =    5.580963 THz    35.066227 2PiTHz  186.160893 cm-1    23.081017 meV
0.704145 0.709589 -0.025765
0.086296 -0.049503 0.995039
0.704793 -0.702875 -0.096092
config9_f
   1 f  =    3.482910 THz    21.883769 2PiTHz  116.177371 cm-1    14.404163 meV
   2 f  =    3.355415 THz    21.082693 2PiTHz  111.924586 cm-1    13.876885 meV
   3 f  =    2.749954 THz    17.278471 2PiTHz   91.728589 cm-1    11.372900 meV
0.010449 -0.026237 0.999601
0.708337 0.705787 0.011121
-0.705797 0.707938 0.025960
config9_b
   1 f  =    3.547273 THz    22.288171 2PiTHz  118.324274 cm-1    14.670346 meV
   2 f  =    3.235629 THz    20.330055 2PiTHz  107.928955 cm-1    13.381490 meV
   3 f  =    2.682708 THz    16.855949 2PiTHz   89.485489 cm-1    11.094791 meV
0.012753 0.001735 0.999917
0.703872 0.710253 -0.010210
-0.710212 0.703944 0.007837
config10_f
   1 f  =    6.398850 THz    40.205157 2PiTHz  213.442638 cm-1    26.463524 meV
   2 f  =    6.135539 THz    38.550726 2PiTHz  204.659530 cm-1    25.374557 meV
   3 f  =    5.232381 THz    32.876019 2PiTHz  174.533438 cm-1    21.639396 meV
0.907843 0.074091 -0.412713
0.048915 -0.996258 -0.071251
0.416448 -0.044497 0.908070
config10_b
   1 f  =    6.548228 THz    41.143727 2PiTHz  218.425353 cm-1    27.081302 meV
   2 f  =    6.125066 THz    38.484926 2PiTHz  204.310211 cm-1    25.331247 meV
   3 f  =    5.233747 THz    32.884600 2PiTHz  174.578992 cm-1    21.645044 meV
-0.492323 0.079871 0.866740
0.105379 0.993926 -0.031735
-0.864010 0.075713 -0.497749
config11_f
   1 f  =    6.377298 THz    40.069744 2PiTHz  212.723749 cm-1    26.374393 meV
   2 f  =    6.292049 THz    39.534109 2PiTHz  209.880154 cm-1    26.021832 meV
   3 f  =    5.319877 THz    33.425776 2PiTHz  177.452005 cm-1    22.001252 meV
-0.006286 -0.999735 -0.022149
-0.862983 -0.005766 0.505200
0.505193 -0.022290 0.862718
config11_b
   1 f  =    6.603807 THz    41.492944 2PiTHz  220.279291 cm-1    27.311161 meV
   2 f  =    6.159535 THz    38.701501 2PiTHz  205.459970 cm-1    25.473799 meV
   3 f  =    5.276441 THz    33.152855 2PiTHz  176.003115 cm-1    21.821613 meV
-0.575940 0.123588 0.808096
0.092637 0.992006 -0.085691
-0.812226 0.025506 -0.582785
config12_f
   1 f  =    6.689531 THz    42.031564 2PiTHz  223.138736 cm-1    27.665687 meV
   2 f  =    6.629057 THz    41.651593 2PiTHz  221.121531 cm-1    27.415586 meV
   3 f  =    5.695030 THz    35.782926 2PiTHz  189.965734 cm-1    23.552758 meV
-0.763855 0.430748 -0.480605
0.642755 0.574931 -0.506281
-0.058235 0.695637 0.716029
config12_b
   1 f  =    6.651799 THz    41.794486 2PiTHz  221.880128 cm-1    27.509640 meV
   2 f  =    6.521600 THz    40.976421 2PiTHz  217.537154 cm-1    26.971179 meV
   3 f  =    5.526612 THz    34.724729 2PiTHz  184.347935 cm-1    22.856239 meV
-0.523415 -0.687873 0.502859
-0.841797 0.326048 -0.430198
-0.131965 0.648477 0.749708
config13_f
   1 f  =    6.406786 THz    40.255027 2PiTHz  213.707387 cm-1    26.496349 meV
   2 f  =    6.040105 THz    37.951099 2PiTHz  201.476209 cm-1    24.979875 meV
   3 f  =    5.228138 THz    32.849362 2PiTHz  174.391918 cm-1    21.621850 meV
-0.187016 -0.982249 0.014529
-0.853334 0.155109 -0.497758
-0.486669 0.105486 0.867195
config13_b
   1 f  =    6.707972 THz    42.147431 2PiTHz  223.753851 cm-1    27.741952 meV
   2 f  =    6.535429 THz    41.063311 2PiTHz  217.998436 cm-1    27.028371 meV
   3 f  =    5.715512 THz    35.911618 2PiTHz  190.648937 cm-1    23.637464 meV
-0.540952 -0.594372 -0.595057
0.264558 -0.791851 0.550437
0.798361 -0.140333 -0.585599
config14_f
   1 f  =    6.548782 THz    41.147208 2PiTHz  218.443835 cm-1    27.083593 meV
   2 f  =    6.302684 THz    39.600931 2PiTHz  210.234900 cm-1    26.065815 meV
   3 f  =    5.461665 THz    34.316654 2PiTHz  182.181533 cm-1    22.587639 meV
-0.948621 -0.152249 -0.277379
-0.286000 0.787591 0.545806
-0.135363 -0.597093 0.790668
config14_b
   1 f  =    6.692541 THz    42.050477 2PiTHz  223.239140 cm-1    27.678136 meV
   2 f  =    6.430698 THz    40.405268 2PiTHz  214.504993 cm-1    26.595239 meV
   3 f  =    5.645821 THz    35.473743 2PiTHz  188.324328 cm-1    23.349249 meV
-0.725095 -0.541947 -0.424889
-0.679804 0.464731 0.567355
0.110017 -0.700228 0.705392
config15_f
   1 f  =    3.547946 THz    22.292401 2PiTHz  118.346732 cm-1    14.673130 meV
   2 f  =    3.244097 THz    20.383265 2PiTHz  108.211437 cm-1    13.416513 meV
   3 f  =    2.739739 THz    17.214285 2PiTHz   91.387838 cm-1    11.330652 meV
-0.007468 0.073077 0.997298
0.706106 -0.705808 0.057005
0.708067 0.704624 -0.046329
config15_b
   1 f  =    3.583045 THz    22.512936 2PiTHz  119.517513 cm-1    14.818288 meV
   2 f  =    3.197437 THz    20.090088 2PiTHz  106.655007 cm-1    13.223540 meV
   3 f  =    2.695918 THz    16.938952 2PiTHz   89.926139 cm-1    11.149424 meV
-0.018871 0.039291 0.999050
-0.700575 0.712386 -0.041250
0.713329 0.700688 -0.014083
config16_f
   1 f  =    6.151695 THz    38.652237 2PiTHz  205.198438 cm-1    25.441373 meV
   2 f  =    6.053205 THz    38.033406 2PiTHz  201.913164 cm-1    25.034051 meV
   3 f  =    4.896271 THz    30.764175 2PiTHz  163.322000 cm-1    20.249355 meV
0.313774 0.939488 -0.137505
0.881781 -0.342034 -0.324770
0.352149 0.019345 0.935744
config16_b
   1 f  =    6.656789 THz    41.825838 2PiTHz  222.046571 cm-1    27.530276 meV
   2 f  =    6.160897 THz    38.710055 2PiTHz  205.505382 cm-1    25.479429 meV
   3 f  =    5.408376 THz    33.981826 2PiTHz  180.403988 cm-1    22.367252 meV
-0.478304 0.007816 0.878159
0.022768 0.999735 0.003503
-0.877899 0.021670 -0.478355
config17_f
   1 f  =    3.514991 THz    22.085337 2PiTHz  117.247463 cm-1    14.536838 meV
   2 f  =    3.348709 THz    21.040556 2PiTHz  111.700890 cm-1    13.849150 meV
   3 f  =    2.752012 THz    17.291404 2PiTHz   91.797252 cm-1    11.381413 meV
-0.032661 0.021421 0.999237
0.707347 0.706821 0.007968
-0.706111 0.707068 -0.038237
config17_b
   1 f  =    3.567021 THz    22.412252 2PiTHz  118.982999 cm-1    14.752017 meV
   2 f  =    3.217021 THz    20.213139 2PiTHz  107.308264 cm-1    13.304534 meV
   3 f  =    2.666925 THz    16.756786 2PiTHz   88.959052 cm-1    11.029521 meV
-0.013487 0.033030 0.999363
0.704775 0.709294 -0.013932
-0.709303 0.704138 -0.032846
config18_f
   1 f  =    3.590263 THz    22.558289 2PiTHz  119.758285 cm-1    14.848140 meV
   2 f  =    3.234569 THz    20.323396 2PiTHz  107.893601 cm-1    13.377106 meV
   3 f  =    3.208043 THz    20.156726 2PiTHz  107.008781 cm-1    13.267403 meV
-0.251388 0.254975 0.933698
0.700045 0.714069 -0.006520
-0.668387 0.651992 -0.358002
config18_b
   1 f  =    3.830050 THz    24.064913 2PiTHz  127.756709 cm-1    15.839819 meV
   2 f  =    3.160044 THz    19.855140 2PiTHz  105.407708 cm-1    13.068895 meV
   3 f  =    3.136882 THz    19.709608 2PiTHz  104.635102 cm-1    12.973104 meV
-0.018020 0.019139 0.999654
-0.710118 0.703592 -0.026272
0.703852 0.710346 -0.000912
config19_f
   1 f  =    7.481231 THz    47.005962 2PiTHz  249.547004 cm-1    30.939896 meV
   2 f  =    6.928899 THz    43.535556 2PiTHz  231.123183 cm-1    28.655633 meV
   3 f  =    5.414781 THz    34.022071 2PiTHz  180.617638 cm-1    22.393741 meV
0.900060 -0.211019 -0.381265
-0.202147 -0.977282 0.063685
0.386042 -0.019752 0.922270
config19_b
   1 f  =    7.382080 THz    46.382979 2PiTHz  246.239691 cm-1    30.529842 meV
   2 f  =    6.754150 THz    42.437578 2PiTHz  225.294194 cm-1    27.932930 meV
   3 f  =    5.577586 THz    35.045006 2PiTHz  186.048235 cm-1    23.067050 meV
0.403740 0.014058 -0.914766
0.030281 -0.999539 -0.001996
-0.914373 -0.026894 -0.403979
config20_f
   1 f  =    6.405282 THz    40.245571 2PiTHz  213.657190 cm-1    26.490125 meV
   2 f  =    6.300857 THz    39.589455 2PiTHz  210.173973 cm-1    26.058261 meV
   3 f  =    4.958857 THz    31.157415 2PiTHz  165.409647 cm-1    20.508190 meV
0.655214 -0.662840 -0.362405
-0.596021 -0.748335 0.291126
0.464171 -0.025251 0.885386
config20_b
   1 f  =    6.738970 THz    42.342199 2PiTHz  224.787845 cm-1    27.870151 meV
   2 f  =    6.236760 THz    39.186716 2PiTHz  208.035898 cm-1    25.793173 meV
   3 f  =    4.767876 THz    29.957449 2PiTHz  159.039220 cm-1    19.718357 meV
0.442526 -0.008769 -0.896713
0.035188 -0.999012 0.027134
-0.896065 -0.043561 -0.441781
config21_f
   1 f  =    6.813431 THz    42.810050 2PiTHz  227.271589 cm-1    28.178096 meV
   2 f  =    6.724316 THz    42.250126 2PiTHz  224.299044 cm-1    27.809547 meV
   3 f  =    5.673182 THz    35.645652 2PiTHz  189.236967 cm-1    23.462402 meV
0.886413 0.327427 -0.327206
-0.462000 0.581828 -0.669352
-0.028786 0.744491 0.667011
config21_b
   1 f  =    6.832024 THz    42.926872 2PiTHz  227.891777 cm-1    28.254989 meV
   2 f  =    6.451348 THz    40.535014 2PiTHz  215.193794 cm-1    26.680640 meV
   3 f  =    5.347638 THz    33.600201 2PiTHz  178.377998 cm-1    22.116061 meV
-0.704952 -0.313674 0.636122
-0.678833 0.558257 -0.477006
0.205495 0.768087 0.606477
config22_f
   1 f  =    7.470812 THz    46.940499 2PiTHz  249.199474 cm-1    30.896808 meV
   2 f  =    6.800590 THz    42.729366 2PiTHz  226.843253 cm-1    28.124989 meV
   3 f  =    5.459425 THz    34.302580 2PiTHz  182.106817 cm-1    22.578376 meV
-0.034420 0.980404 0.193969
0.922017 -0.043735 0.384671
-0.385616 -0.192083 0.902443
config22_b
   1 f  =    7.680795 THz    48.259858 2PiTHz  256.203734 cm-1    31.765226 meV
   2 f  =    7.396951 THz    46.476414 2PiTHz  246.735718 cm-1    30.591341 meV
   3 f  =    5.963718 THz    37.471146 2PiTHz  198.928215 cm-1    24.663964 meV
-0.451281 -0.690095 -0.565786
-0.331928 0.718334 -0.611408
-0.828353 0.088117 0.553233
config23_f
   1 f  =    6.555203 THz    41.187553 2PiTHz  218.658019 cm-1    27.110149 meV
   2 f  =    6.427945 THz    40.387970 2PiTHz  214.413162 cm-1    26.583854 meV
   3 f  =    5.211858 THz    32.747073 2PiTHz  173.848881 cm-1    21.554522 meV
-0.887207 -0.356942 -0.292329
-0.461058 0.709278 0.533245
-0.017005 -0.607879 0.793848
config23_b
   1 f  =    6.926755 THz    43.522085 2PiTHz  231.051668 cm-1    28.646766 meV
   2 f  =    6.446965 THz    40.507473 2PiTHz  215.047584 cm-1    26.662512 meV
   3 f  =    5.123989 THz    32.194974 2PiTHz  170.917877 cm-1    21.191124 meV
0.609765 -0.452992 -0.650373
-0.790215 -0.410831 -0.454728
0.061205 -0.791212 0.608472
config24_f
   1 f  =    4.032931 THz    25.339654 2PiTHz  134.524101 cm-1    16.678869 meV
   2 f  =    3.760671 THz    23.628991 2PiTHz  125.442469 cm-1    15.552890 meV
   3 f  =    3.326984 THz    20.904056 2PiTHz  110.976232 cm-1    13.759304 meV
0.085436 0.131427 0.987637
0.875196 0.463836 -0.137433
-0.476164 0.876118 -0.075396
config24_b
   1 f  =    4.254985 THz    26.734859 2PiTHz  141.931015 cm-1    17.597209 meV
   2 f  =    3.450152 THz    21.677946 2PiTHz  115.084687 cm-1    14.268688 meV
   3 f  =    3.320109 THz    20.860858 2PiTHz  110.746899 cm-1    13.730870 meV
-0.036747 0.048857 0.998130
0.897076 0.441729 0.011404
-0.440346 0.895817 -0.060061
config25_f
   1 f  =    7.239018 THz    45.484091 2PiTHz  241.467640 cm-1    29.938182 meV
   2 f  =    6.867868 THz    43.152085 2PiTHz  229.087400 cm-1    28.403228 meV
   3 f  =    4.080704 THz    25.639822 2PiTHz  136.117644 cm-1    16.876443 meV
-0.187900 -0.980858 -0.051093
-0.966298 0.175291 0.188522
0.175957 -0.084794 0.980739
config25_b
   1 f  =    7.899541 THz    49.634281 2PiTHz  263.500323 cm-1    32.669888 meV
   2 f  =    6.635558 THz    41.692442 2PiTHz  221.338393 cm-1    27.442473 meV
   3 f  =    5.036463 THz    31.645032 2PiTHz  167.998326 cm-1    20.829145 meV
-0.342741 0.086519 0.935437
-0.025288 0.994539 -0.101251
-0.939089 -0.058358 -0.338682
config26_f
   1 f  =    3.728347 THz    23.425897 2PiTHz  124.364278 cm-1    15.419211 meV
   2 f  =    3.609928 THz    22.681849 2PiTHz  120.414244 cm-1    14.929469 meV
   3 f  =    3.084463 THz    19.380251 2PiTHz  102.886600 cm-1    12.756317 meV
-0.518887 0.518713 0.679480
-0.478907 0.482021 -0.733692
0.708099 0.706111 0.001699
config26_b
   1 f  =    4.235814 THz    26.614406 2PiTHz  141.291550 cm-1    17.517926 meV
   2 f  =    3.396314 THz    21.339673 2PiTHz  113.288853 cm-1    14.046033 meV
   3 f  =    3.228809 THz    20.287203 2PiTHz  107.701461 cm-1    13.353284 meV
-0.040994 0.039860 0.998364
-0.705300 0.706600 -0.057172
0.707723 0.706490 0.000853
config27_f
   1 f  =    7.614027 THz    47.840345 2PiTHz  253.976606 cm-1    31.489097 meV
   2 f  =    7.250811 THz    45.558187 2PiTHz  241.861001 cm-1    29.986953 meV
   3 f  =    5.673231 THz    35.645960 2PiTHz  189.238601 cm-1    23.462605 meV
-0.510362 -0.310866 0.801806
-0.590735 -0.550844 -0.589578
-0.624950 0.774553 -0.097490
config27_b
   1 f  =    7.502795 THz    47.141453 2PiTHz  250.266305 cm-1    31.029078 meV
   2 f  =    7.013924 THz    44.069781 2PiTHz  233.959298 cm-1    29.007266 meV
   3 f  =    5.712039 THz    35.889801 2PiTHz  190.533115 cm-1    23.623104 meV
0.609719 0.698882 -0.373907
0.017811 0.459537 0.887980
0.792418 -0.548078 0.267741
config28_f
   1 f  =    6.986805 THz    43.899388 2PiTHz  233.054711 cm-1    28.895112 meV
   2 f  =    6.707009 THz    42.141383 2PiTHz  223.721744 cm-1    27.737971 meV
   3 f  =    6.224413 THz    39.109141 2PiTHz  207.624066 cm-1    25.742113 meV
0.319681 -0.925710 -0.202151
-0.110084 -0.248187 0.962437
-0.941109 -0.285419 -0.181247
config28_b
   1 f  =    6.912352 THz    43.431589 2PiTHz  230.571240 cm-1    28.587201 meV
   2 f  =    6.530686 THz    41.033511 2PiTHz  217.840234 cm-1    27.008757 meV
   3 f  =    5.849368 THz    36.752663 2PiTHz  195.113907 cm-1    24.191050 meV
-0.312009 0.947616 0.068370
0.946513 0.303803 0.108702
-0.082237 -0.098629 0.991720
config29_f
   1 f  =    7.271444 THz    45.687831 2PiTHz  242.549262 cm-1    30.072287 meV
   2 f  =    6.621738 THz    41.605605 2PiTHz  220.877388 cm-1    27.385316 meV
   3 f  =    5.781134 THz    36.323933 2PiTHz  192.837852 cm-1    23.908855 meV
-0.109842 0.370220 0.922427
0.045730 0.928942 -0.367390
0.992897 -0.001828 0.118967
config29_b
   1 f  =    6.937553 THz    43.589931 2PiTHz  231.411853 cm-1    28.691423 meV
   2 f  =    6.552244 THz    41.168965 2PiTHz  218.559338 cm-1    27.097914 meV
   3 f  =    5.075159 THz    31.888163 2PiTHz  169.289070 cm-1    20.989177 meV
0.298339 -0.945378 -0.131354
-0.885728 -0.325500 0.330963
0.355640 -0.017605 0.934457
config30_f
   1 f  =    7.159077 THz    44.981810 2PiTHz  238.801110 cm-1    29.607575 meV
   2 f  =    6.679347 THz    41.967574 2PiTHz  222.799020 cm-1    27.623568 meV
   3 f  =    5.752049 THz    36.141188 2PiTHz  191.867685 cm-1    23.788570 meV
-0.996871 0.075818 0.022371
0.038020 0.707973 -0.705215
0.069306 0.702158 0.708640
config30_b
   1 f  =    7.011798 THz    44.056427 2PiTHz  233.888401 cm-1    28.998476 meV
   2 f  =    6.306567 THz    39.625327 2PiTHz  210.364412 cm-1    26.081872 meV
   3 f  =    5.069625 THz    31.853394 2PiTHz  169.104488 cm-1    20.966292 meV
0.957865 -0.223027 -0.180977
-0.023377 -0.688554 0.724808
-0.286264 -0.690038 -0.664756
config31_f
   1 f  =    7.512425 THz    47.201961 2PiTHz  250.587530 cm-1    31.068905 meV
   2 f  =    7.064440 THz    44.387188 2PiTHz  235.644357 cm-1    29.216187 meV
   3 f  =    5.713686 THz    35.900145 2PiTHz  190.588030 cm-1    23.629913 meV
0.611060 -0.318243 0.724795
-0.002640 0.914801 0.403897
0.791580 0.248719 -0.558158
config31_b
   1 f  =    7.574042 THz    47.589106 2PiTHz  252.642823 cm-1    31.323729 meV
   2 f  =    7.233571 THz    45.449870 2PiTHz  241.285966 cm-1    29.915658 meV
   3 f  =    5.640582 THz    35.440819 2PiTHz  188.149541 cm-1    23.327578 meV
-0.526350 0.807285 -0.266921
0.593948 0.573726 0.563972
-0.608425 -0.138309 0.781466
config32_f
   1 f  =    7.351798 THz    46.192707 2PiTHz  245.229566 cm-1    30.404602 meV
   2 f  =    6.337330 THz    39.818620 2PiTHz  211.390575 cm-1    26.209100 meV
   3 f  =    5.665215 THz    35.595594 2PiTHz  188.971216 cm-1    23.429453 meV
-0.563668 0.386058 0.730231
-0.825640 -0.237187 -0.511918
0.024428 0.891460 -0.452440
config32_b
   1 f  =    7.396635 THz    46.474431 2PiTHz  246.725195 cm-1    30.590037 meV
   2 f  =    6.008654 THz    37.753484 2PiTHz  200.427103 cm-1    24.849803 meV
   3 f  =    5.728768 THz    35.994914 2PiTHz  191.091142 cm-1    23.692291 meV
0.696188 -0.526979 -0.487458
0.709724 0.607219 0.357179
0.107769 -0.594624 0.796748
config33_f
   1 f  =    7.390131 THz    46.433560 2PiTHz  246.508217 cm-1    30.563135 meV
   2 f  =    7.301687 THz    45.877849 2PiTHz  243.558038 cm-1    30.197359 meV
   3 f  =    5.398596 THz    33.920380 2PiTHz  180.077780 cm-1    22.326807 meV
-0.465021 0.338484 -0.818037
0.786422 -0.266412 -0.557284
-0.406567 -0.902471 -0.142304
config33_b
   1 f  =    7.665816 THz    48.165743 2PiTHz  255.704091 cm-1    31.703278 meV
   2 f  =    6.933031 THz    43.561521 2PiTHz  231.261029 cm-1    28.672724 meV
   3 f  =    5.442252 THz    34.194677 2PiTHz  181.533975 cm-1    22.507352 meV
-0.410375 0.895569 -0.171895
0.038120 -0.171486 -0.984449
0.911120 0.410546 -0.036235
config34_f
   1 f  =    7.052640 THz    44.313041 2PiTHz  235.250726 cm-1    29.167383 meV
   2 f  =    6.778400 THz    42.589940 2PiTHz  226.103063 cm-1    28.033217 meV
   3 f  =    6.665799 THz    41.882449 2PiTHz  222.347105 cm-1    27.567538 meV
-0.472221 -0.860599 0.190728
-0.118932 0.276598 0.953598
0.873420 -0.427626 0.232968
config34_b
   1 f  =    7.265985 THz    45.653527 2PiTHz  242.367148 cm-1    30.049707 meV
   2 f  =    6.222163 THz    39.095004 2PiTHz  207.549013 cm-1    25.732807 meV
   3 f  =    5.773071 THz    36.273272 2PiTHz  192.568899 cm-1    23.875509 meV
0.049475 -0.995143 0.085109
-0.806978 -0.090038 -0.583677
-0.588505 0.039804 0.807513
config35_f
   1 f  =    7.484614 THz    47.027215 2PiTHz  249.659831 cm-1    30.953885 meV
   2 f  =    7.223980 THz    45.389606 2PiTHz  240.966034 cm-1    29.875991 meV
   3 f  =    5.842302 THz    36.708264 2PiTHz  194.878200 cm-1    24.161826 meV
0.286940 0.035209 0.957301
0.820764 0.506275 -0.264635
-0.493976 0.861653 0.116372
config35_b
   1 f  =    7.491604 THz    47.071135 2PiTHz  249.892996 cm-1    30.982794 meV
   2 f  =    7.043035 THz    44.252691 2PiTHz  234.930339 cm-1    29.127660 meV
   3 f  =    5.666522 THz    35.603809 2PiTHz  189.014831 cm-1    23.434861 meV
0.391953 0.919171 -0.038687
0.096208 0.000869 0.995361
0.914941 -0.393857 -0.088091
config36_f
   1 f  =    3.426393 THz    21.528662 2PiTHz  114.292165 cm-1    14.170428 meV
   2 f  =    3.367641 THz    21.159511 2PiTHz  112.332399 cm-1    13.927448 meV
   3 f  =    2.699331 THz    16.960397 2PiTHz   90.039988 cm-1    11.163540 meV
-0.308866 -0.234172 -0.921827
0.585655 0.716851 -0.378330
0.749407 -0.656726 -0.084267
config36_b
   1 f  =    3.483585 THz    21.888007 2PiTHz  116.199869 cm-1    14.406953 meV
   2 f  =    3.219700 THz    20.229971 2PiTHz  107.397623 cm-1    13.315613 meV
   3 f  =    2.618589 THz    16.453080 2PiTHz   87.346723 cm-1    10.829617 meV
0.108016 0.035171 0.993527
0.773905 0.624327 -0.106240
-0.624022 0.780371 0.040218
config37_f
   1 f  =    5.997683 THz    37.684551 2PiTHz  200.061150 cm-1    24.804430 meV
   2 f  =    5.677989 THz    35.675856 2PiTHz  189.397312 cm-1    23.482282 meV
   3 f  =    4.895094 THz    30.756782 2PiTHz  163.282752 cm-1    20.244488 meV
0.732898 -0.030618 -0.679649
-0.059989 -0.998004 -0.019729
0.677688 -0.055231 0.733272
config37_b
   1 f  =    6.323956 THz    39.734586 2PiTHz  210.944451 cm-1    26.153788 meV
   2 f  =    5.676664 THz    35.667530 2PiTHz  189.353116 cm-1    23.476803 meV
   3 f  =    4.987263 THz    31.335896 2PiTHz  166.357175 cm-1    20.625668 meV
0.641706 0.035619 -0.766123
0.046338 0.995295 0.085087
0.765549 -0.090102 0.637037
config38_f
   1 f  =    6.354116 THz    39.924087 2PiTHz  211.950484 cm-1    26.278520 meV
   2 f  =    6.242301 THz    39.221537 2PiTHz  208.220759 cm-1    25.816093 meV
   3 f  =    5.147744 THz    32.344227 2PiTHz  171.710238 cm-1    21.289364 meV
-0.163628 0.984506 0.063035
0.899075 0.175120 -0.401245
0.406066 0.008982 0.913799
config38_b
   1 f  =    6.325018 THz    39.741262 2PiTHz  210.979897 cm-1    26.158183 meV
   2 f  =    5.912442 THz    37.148969 2PiTHz  197.217835 cm-1    24.451904 meV
   3 f  =    5.133518 THz    32.254845 2PiTHz  171.235725 cm-1    21.230532 meV
-0.590019 0.067926 0.804527
0.016874 0.997275 -0.071824
-0.807213 -0.028802 -0.589557
config39_f
   1 f  =    6.653656 THz    41.806152 2PiTHz  221.942060 cm-1    27.517318 meV
   2 f  =    6.614028 THz    41.557161 2PiTHz  220.620206 cm-1    27.353429 meV
   3 f  =    5.720663 THz    35.943986 2PiTHz  190.820775 cm-1    23.658769 meV
-0.775370 0.430832 -0.461720
0.629313 0.588029 -0.508120
-0.052590 0.684548 0.727068
config39_b
   1 f  =    6.561326 THz    41.226025 2PiTHz  218.862257 cm-1    27.135471 meV
   2 f  =    6.403645 THz    40.235289 2PiTHz  213.602603 cm-1    26.483357 meV
   3 f  =    5.421608 THz    34.064966 2PiTHz  180.845364 cm-1    22.421976 meV
-0.566595 -0.723669 0.394047
-0.764970 0.284225 -0.577959
-0.306253 0.628903 0.714625
config40_f
   1 f  =    3.490660 THz    21.932464 2PiTHz  116.435883 cm-1    14.436215 meV
   2 f  =    3.207595 THz    20.153917 2PiTHz  106.993864 cm-1    13.265553 meV
   3 f  =    2.601878 THz    16.348084 2PiTHz   86.789319 cm-1    10.760508 meV
-0.142319 -0.988367 -0.053618
-0.775116 0.144974 -0.614961
-0.615581 0.045960 0.786732
config40_b
   1 f  =    3.453858 THz    21.701231 2PiTHz  115.208303 cm-1    14.284014 meV
   2 f  =    3.362788 THz    21.129020 2PiTHz  112.170527 cm-1    13.907378 meV
   3 f  =    2.722606 THz    17.106641 2PiTHz   90.816372 cm-1    11.259799 meV
-0.307665 -0.915883 -0.257877
0.553728 -0.392748 0.734258
-0.773775 0.083112 0.627985
config41_f
   1 f  =    6.542901 THz    41.110258 2PiTHz  218.247672 cm-1    27.059272 meV
   2 f  =    6.186255 THz    38.869385 2PiTHz  206.351243 cm-1    25.584303 meV
   3 f  =    5.398150 THz    33.917575 2PiTHz  180.062890 cm-1    22.324961 meV
-0.926994 -0.214501 -0.307688
-0.349865 0.790181 0.503199
-0.135192 -0.574111 0.807539
config41_b
   1 f  =    6.618347 THz    41.584300 2PiTHz  220.764281 cm-1    27.371292 meV
   2 f  =    6.229319 THz    39.139964 2PiTHz  207.787701 cm-1    25.762401 meV
   3 f  =    5.560801 THz    34.939545 2PiTHz  185.488361 cm-1    22.997634 meV
-0.601304 -0.595908 -0.532285
-0.792149 0.531771 0.299532
-0.104560 -0.601759 0.791804
config42_f
   1 f  =    3.372686 THz    21.191213 2PiTHz  112.500703 cm-1    13.948315 meV
   2 f  =    3.286097 THz    20.647159 2PiTHz  109.612407 cm-1    13.590211 meV
   3 f  =    2.594992 THz    16.304816 2PiTHz   86.559614 cm-1    10.732028 meV
-0.241575 0.475193 0.846069
-0.443627 0.721362 -0.531819
0.863039 0.503813 -0.036546
config42_b
   1 f  =    3.404976 THz    21.394097 2PiTHz  113.577783 cm-1    14.081855 meV
   2 f  =    3.245292 THz    20.390772 2PiTHz  108.251291 cm-1    13.421454 meV
   3 f  =    2.542129 THz    15.972671 2PiTHz   84.796310 cm-1    10.513406 meV
-0.116358 0.087223 0.989370
-0.872726 0.466561 -0.143772
0.474142 0.880178 -0.021834
config43_f
   1 f  =    5.665670 THz    35.598454 2PiTHz  188.986401 cm-1    23.431336 meV
   2 f  =    5.387541 THz    33.850921 2PiTHz  179.709030 cm-1    22.281088 meV
   3 f  =    4.542677 THz    28.542482 2PiTHz  151.527393 cm-1    18.787009 meV
-0.679957 -0.042602 0.732013
-0.053731 0.998522 0.008202
0.731280 0.033755 0.681241
config43_b
   1 f  =    6.320628 THz    39.713674 2PiTHz  210.833435 cm-1    26.140024 meV
   2 f  =    5.408311 THz    33.981421 2PiTHz  180.401834 cm-1    22.366985 meV
   3 f  =    5.038442 THz    31.657462 2PiTHz  168.064316 cm-1    20.837327 meV
0.713263 0.036162 -0.699964
0.015521 -0.999238 -0.035807
-0.700725 0.014676 -0.713280
config44_f
   1 f  =    3.417502 THz    21.472801 2PiTHz  113.995605 cm-1    14.133659 meV
   2 f  =    3.385172 THz    21.269662 2PiTHz  112.917174 cm-1    13.999950 meV
   3 f  =    2.687941 THz    16.888833 2PiTHz   89.660067 cm-1    11.116436 meV
0.584366 0.769922 0.256391
-0.185620 -0.180753 0.965854
-0.789976 0.612003 -0.037287
config44_b
   1 f  =    3.424484 THz    21.516670 2PiTHz  114.228501 cm-1    14.162534 meV
   2 f  =    3.288419 THz    20.661743 2PiTHz  109.689834 cm-1    13.599811 meV
   3 f  =    2.512537 THz    15.786737 2PiTHz   83.809219 cm-1    10.391023 meV
0.044762 -0.023967 -0.998710
0.859242 0.510896 0.026251
0.509608 -0.859308 0.043462
config45_f
   1 f  =    3.580528 THz    22.497124 2PiTHz  119.433571 cm-1    14.807881 meV
   2 f  =    3.296555 THz    20.712867 2PiTHz  109.961242 cm-1    13.633461 meV
   3 f  =    3.001885 THz    18.861398 2PiTHz  100.132091 cm-1    12.414802 meV
0.246743 0.636066 0.731121
0.089006 0.736384 -0.670683
0.964985 -0.230561 -0.125084
config45_b
   1 f  =    3.778815 THz    23.742992 2PiTHz  126.047682 cm-1    15.627926 meV
   2 f  =    3.322232 THz    20.874202 2PiTHz  110.817743 cm-1    13.739654 meV
   3 f  =    2.623549 THz    16.484241 2PiTHz   87.512156 cm-1    10.850128 meV
0.318151 0.187084 0.929398
0.936648 0.089495 -0.338647
0.146532 -0.978259 0.146759
config46_f
   1 f  =    7.029177 THz    44.165619 2PiTHz  234.468086 cm-1    29.070348 meV
   2 f  =    6.538159 THz    41.080462 2PiTHz  218.089491 cm-1    27.039660 meV
   3 f  =    4.712892 THz    29.611971 2PiTHz  157.205135 cm-1    19.490960 meV
0.738224 -0.247668 -0.627444
-0.183835 -0.968818 0.166124
0.649022 0.007290 0.760735
config46_b
   1 f  =    7.140143 THz    44.862839 2PiTHz  238.169516 cm-1    29.529267 meV
   2 f  =    6.594199 THz    41.432576 2PiTHz  219.958807 cm-1    27.271426 meV
   3 f  =    4.660314 THz    29.281615 2PiTHz  155.451332 cm-1    19.273516 meV
-0.657612 0.124459 0.743005
-0.084729 -0.992220 0.091214
-0.748577 0.002971 -0.663041
config47_f
   1 f  =    6.451747 THz    40.537522 2PiTHz  215.207109 cm-1    26.682291 meV
   2 f  =    6.283668 THz    39.481451 2PiTHz  209.600601 cm-1    25.987172 meV
   3 f  =    4.965437 THz    31.198763 2PiTHz  165.629154 cm-1    20.535405 meV
0.407582 -0.871468 -0.272801
-0.788874 -0.486497 0.375496
0.459950 -0.062160 0.885766
config47_b
   1 f  =    6.589299 THz    41.401789 2PiTHz  219.795360 cm-1    27.251161 meV
   2 f  =    5.781093 THz    36.323680 2PiTHz  192.836509 cm-1    23.908689 meV
   3 f  =    5.149992 THz    32.358351 2PiTHz  171.785222 cm-1    21.298661 meV
0.558053 -0.307136 -0.770873
0.302523 0.940347 -0.155655
0.772695 -0.146343 0.617678
config48_f
   1 f  =    6.713858 THz    42.184417 2PiTHz  223.950204 cm-1    27.766296 meV
   2 f  =    6.592579 THz    41.422394 2PiTHz  219.904749 cm-1    27.264724 meV
   3 f  =    5.552452 THz    34.887083 2PiTHz  185.209846 cm-1    22.963102 meV
-0.310419 -0.672683 0.671668
-0.950426 0.233133 -0.205765
0.018173 0.702244 0.711704
config48_b
   1 f  =    6.580098 THz    41.343976 2PiTHz  219.488443 cm-1    27.213108 meV
   2 f  =    6.278547 THz    39.449274 2PiTHz  209.429775 cm-1    25.965992 meV
   3 f  =    5.418060 THz    34.042673 2PiTHz  180.727015 cm-1    22.407302 meV
0.025271 -0.672444 0.739717
-0.978947 -0.166567 -0.117975
-0.202543 0.721162 0.662496
config49_f
   1 f  =    3.744878 THz    23.529760 2PiTHz  124.915669 cm-1    15.487575 meV
   2 f  =    3.312598 THz    20.813668 2PiTHz  110.496379 cm-1    13.699810 meV
   3 f  =    2.623946 THz    16.486741 2PiTHz   87.525427 cm-1    10.851774 meV
-0.327625 -0.925078 -0.192072
-0.939697 0.340164 -0.035456
-0.098136 -0.168873 0.980740
config49_b
   1 f  =    3.568307 THz    22.420334 2PiTHz  119.025906 cm-1    14.757337 meV
   2 f  =    3.281220 THz    20.616515 2PiTHz  109.449725 cm-1    13.570041 meV
   3 f  =    3.005513 THz    18.884196 2PiTHz  100.253127 cm-1    12.429808 meV
0.250001 0.745212 0.618190
-0.078828 0.652009 -0.754102
0.965032 -0.139796 -0.221746
config50_f
   1 f  =    6.412658 THz    40.291919 2PiTHz  213.903244 cm-1    26.520632 meV
   2 f  =    6.372603 THz    40.040248 2PiTHz  212.567162 cm-1    26.354979 meV
   3 f  =    5.115560 THz    32.142008 2PiTHz  170.636693 cm-1    21.156261 meV
-0.806310 -0.493674 -0.325806
-0.591489 0.670884 0.447276
0.002231 -0.553354 0.832943
config50_b
   1 f  =    6.766773 THz    42.516887 2PiTHz  225.715234 cm-1    27.985132 meV
   2 f  =    6.244081 THz    39.232715 2PiTHz  208.280102 cm-1    25.823451 meV
   3 f  =    5.300630 THz    33.304838 2PiTHz  176.809964 cm-1    21.921650 meV
0.234193 0.654322 0.719038
-0.971832 0.177643 0.154874
0.026394 0.735055 -0.677494
config51_f
   1 f  =    3.763563 THz    23.647164 2PiTHz  125.538948 cm-1    15.564851 meV
   2 f  =    3.419015 THz    21.482307 2PiTHz  114.046075 cm-1    14.139916 meV
   3 f  =    2.699029 THz    16.958499 2PiTHz   90.029910 cm-1    11.162290 meV
-0.016471 0.967559 0.252108
0.014246 0.252343 -0.967533
0.999763 0.012345 0.017941
config51_b
   1 f  =    3.780240 THz    23.751948 2PiTHz  126.095230 cm-1    15.633822 meV
   2 f  =    3.665752 THz    23.032601 2PiTHz  122.276330 cm-1    15.160338 meV
   3 f  =    1.993184 THz    12.523542 2PiTHz   66.485448 cm-1     8.243148 meV
-0.943611 0.027097 0.329947
-0.330104 -0.001427 -0.943943
0.025107 0.999632 -0.010291
config52_f
   1 f  =    6.429659 THz    40.398739 2PiTHz  214.470330 cm-1    26.590941 meV
   2 f  =    6.422255 THz    40.352218 2PiTHz  214.223359 cm-1    26.560321 meV
   3 f  =    4.408362 THz    27.698552 2PiTHz  147.047108 cm-1    18.231524 meV
0.617826 0.560885 -0.551089
0.346701 -0.823359 -0.449308
0.705754 -0.086531 0.703153
config52_b
   1 f  =    7.373118 THz    46.326667 2PiTHz  245.940738 cm-1    30.492776 meV
   2 f  =    5.817986 THz    36.555481 2PiTHz  194.067104 cm-1    24.061263 meV
   3 f  =    4.576264 THz    28.753517 2PiTHz  152.647744 cm-1    18.925915 meV
-0.705674 0.011162 0.708449
-0.004087 0.999795 -0.019824
-0.708525 -0.016885 -0.705484
config53_f
   1 f  =    3.698072 THz    23.235671 2PiTHz  123.354397 cm-1    15.294002 meV
   2 f  =    3.438445 THz    21.604388 2PiTHz  114.694179 cm-1    14.220271 meV
   3 f  =    2.810190 THz    17.656942 2PiTHz   93.737831 cm-1    11.622014 meV
0.030263 0.961067 0.274652
0.006577 0.274580 -0.961542
0.999520 -0.030906 -0.001988
config53_b
   1 f  =    3.771061 THz    23.694277 2PiTHz  125.789061 cm-1    15.595861 meV
   2 f  =    3.635233 THz    22.840842 2PiTHz  121.258312 cm-1    15.034120 meV
   3 f  =    1.997953 THz    12.553507 2PiTHz   66.644525 cm-1     8.262871 meV
-0.924536 0.000419 0.381095
-0.381086 -0.008143 -0.924504
-0.002716 0.999967 -0.007689
config54_f
   1 f  =    7.521205 THz    47.257122 2PiTHz  250.880371 cm-1    31.105213 meV
   2 f  =    7.269313 THz    45.674442 2PiTHz  242.478182 cm-1    30.063474 meV
   3 f  =    5.701329 THz    35.822510 2PiTHz  190.175875 cm-1    23.578812 meV
-0.418747 -0.244464 0.874579
0.640804 0.602856 0.475327
-0.643445 0.759475 -0.095790
config54_b
   1 f  =    7.513284 THz    47.207355 2PiTHz  250.616167 cm-1    31.072456 meV
   2 f  =    7.071719 THz    44.432919 2PiTHz  235.887140 cm-1    29.246288 meV
   3 f  =    5.693084 THz    35.770700 2PiTHz  189.900829 cm-1    23.544710 meV
0.568881 0.760647 -0.312715
0.068885 0.334831 0.939757
-0.819530 0.556151 -0.138082
config55_f
   1 f  =    7.027115 THz    44.152665 2PiTHz  234.399315 cm-1    29.061822 meV
   2 f  =    6.552068 THz    41.167860 2PiTHz  218.553472 cm-1    27.097187 meV
   3 f  =    6.082213 THz    38.215671 2PiTHz  202.880779 cm-1    25.154020 meV
-0.040075 0.999196 0.001424
0.278285 0.009792 0.960449
0.959662 0.038886 -0.278454
config55_b
   1 f  =    7.055957 THz    44.333884 2PiTHz  235.361379 cm-1    29.181102 meV
   2 f  =    6.465876 THz    40.626299 2PiTHz  215.678412 cm-1    26.740725 meV
   3 f  =    5.881541 THz    36.954812 2PiTHz  196.187086 cm-1    24.324107 meV
-0.160360 0.985959 0.046576
0.945350 0.139841 0.294546
-0.283897 -0.091264 0.954502
config56_f
   1 f  =    6.994863 THz    43.950023 2PiTHz  233.323520 cm-1    28.928440 meV
   2 f  =    6.458778 THz    40.581700 2PiTHz  215.441644 cm-1    26.711369 meV
   3 f  =    5.647310 THz    35.483094 2PiTHz  188.373971 cm-1    23.355404 meV
0.241248 -0.271794 -0.931626
-0.008002 0.959391 -0.281967
0.970430 0.075479 0.229276
config56_b
   1 f  =    7.028609 THz    44.162050 2PiTHz  234.449139 cm-1    29.067999 meV
   2 f  =    6.360494 THz    39.964165 2PiTHz  212.163252 cm-1    26.304900 meV
   3 f  =    5.097077 THz    32.025877 2PiTHz  170.020170 cm-1    21.079822 meV
0.085608 -0.994810 -0.054987
-0.916193 -0.100288 0.387986
0.391487 -0.017164 0.920024
config57_f
   1 f  =    6.842663 THz    42.993722 2PiTHz  228.246676 cm-1    28.298991 meV
   2 f  =    6.748282 THz    42.400709 2PiTHz  225.098467 cm-1    27.908663 meV
   3 f  =    5.781007 THz    36.323136 2PiTHz  192.833619 cm-1    23.908330 meV
0.854411 -0.354277 0.380091
-0.519296 -0.557306 0.647875
-0.017700 -0.750931 -0.660143
config57_b
   1 f  =    6.966273 THz    43.770387 2PiTHz  232.369861 cm-1    28.810201 meV
   2 f  =    6.547610 THz    41.139849 2PiTHz  218.404767 cm-1    27.078750 meV
   3 f  =    5.518065 THz    34.671024 2PiTHz  184.062826 cm-1    22.820890 meV
-0.912629 -0.024868 0.408032
0.317303 -0.672411 0.668717
0.257735 0.739760 0.621553
config58_f
   1 f  =    7.658591 THz    48.120349 2PiTHz  255.463103 cm-1    31.673399 meV
   2 f  =    7.077238 THz    44.467595 2PiTHz  236.071229 cm-1    29.269113 meV
   3 f  =    5.600297 THz    35.187706 2PiTHz  186.805805 cm-1    23.160976 meV
-0.730825 0.102581 -0.674812
0.002539 0.989044 0.147599
-0.682560 -0.106156 0.723079
config58_b
   1 f  =    7.593470 THz    47.711177 2PiTHz  253.290878 cm-1    31.404078 meV
   2 f  =    7.426345 THz    46.661103 2PiTHz  247.716204 cm-1    30.712906 meV
   3 f  =    5.442280 THz    34.194852 2PiTHz  181.534905 cm-1    22.507468 meV
-0.169950 0.985362 -0.013397
0.690611 0.128789 0.711667
0.702974 0.111696 -0.702389
config59_f
   1 f  =    7.060042 THz    44.359552 2PiTHz  235.497644 cm-1    29.197997 meV
   2 f  =    6.655696 THz    41.818969 2PiTHz  222.010104 cm-1    27.525755 meV
   3 f  =    5.624100 THz    35.337261 2PiTHz  187.599771 cm-1    23.259416 meV
0.507573 -0.492417 -0.707033
-0.847126 -0.435030 -0.305166
0.157311 -0.753840 0.637948
config59_b
